40 47 41 38 48 46 47
57 58 58 57 58 58 59
38 59 58 61 62 61 60
50 51 50 54 51 52 54
27 28 29 28 27 31 28
45 57 61 59 56 58 61
56 54 52 51 53 51 54
34 44 47 42 45 47 48
49 59 58 56 56 56 57
24 20 21 19 20 20 20
30 24 23 23 23 23 23
24 14 14 16 14 15 16
02 3 4 4 4 3 3
15 16 16 16 18 16 16
03 3 3 4 2 3 2
45 38 37 35 34 34 36
87 85 85 82 85 85 82
02 4 4 4 3 4 4
90 85 85 86 85 85 85
26 30 30 28 30 29 28
56 50 48 53 53 56 55
73 62 65 60 60 65 65
27 34 36 34 34 36 36
03 3 3 3 3 3 3
08 8 8 11 8 8 8
55 44 48 44 44 45 49
14 13 14 14 13 12 12
65 59 61 61 58 56 60
38 37 38 41 37 36 38
85 82 81 76 77 78 85
38 33 38 37 39 36 38
36 39 41 39 37 35 39
29 28 27 25 27 25 26
39 45 49 41 49 45 42
76 65 65 68 71 63 70
80 83 83 85 85 82 84
54 39 45 42 39 43 47
14 14 14 14 14 14 15
05 3 3 4 3 4 3
13 7 8 9 9 7 8
57 56 54 55 55 57 56
22 30 28 28 29 31 30
42 41 41 39 43 42 41
69 82 80 81 85 82 85
18 18 20 20 18 20 21
16 17 17 16 17 19 14
06 8 8 8 6 8 8
30 24 24 23 25 24 24
02 5 4 4 4 4 4
02 2 2 2 3 2 2
90 84 83 83 82 84 82
06 3 3 3 3 3 3
12 16 15 15 15 16 17
12 8 8 7 7 8 7
41 41 40 41 41 41 43
26 25 28 26 26 25 26
47 51 54 54 56 51 52
48 43 46 47 45 40 42
07 13 8 13 6 12 8
80 75 76 80 80 77 83
24 24 24 26 25 25 25
72 67 71 68 68 68 69
85 85 85 85 85 85 85
21 22 23 22 24 22 22
07 6 7 6 6 6 6
18 24 24 24 24 24 24
65 63 61 64 63 63 64
21 22 23 24 21 22 22
22 24 22 23 22 23 22
38 28 27 27 28 29 28
15 20 19 19 20 19 19
21 19 22 21 20 21 19
85 68 78 69 67 72 67
08 4 5 4 4 4 4
73 72 64 67 67 67 70
43 55 54 54 54 54 56
71 57 63 58 59 65 62
09 9 8 9 8 8 8
20 23 22 23 23 23 23
52 59 57 60 58 56 59
68 68 69 71 72 72 72
09 15 15 15 16 15 15
41 41 38 38 35 38 37
52 64 60 61 61 60 64
16 20 21 17 18 19 20
20 21 22 21 23 22 23
50 53 54 52 49 54 53
24 24 25 24 26 26 26
84 63 68 70 68 63 71
05 5 4 4 4 4 5
25 26 26 26 27 27 27
56 44 48 47 45 47 50
05 8 7 6 5 8 6
03 7 7 6 8 7 7
35 37 37 36 35 36 38
20 20 21 19 21 19 20
29 32 34 33 33 34 33
22 25 24 25 26 24 24
16 20 19 20 19 18 19
23 25 25 26 26 25 26
18 17 17 14 15 17 16
22 26 25 25 26 25 26
43 47 47 49 47 48 49
06 17 15 16 17 16 17
02 3 3 3 3 3 3
15 17 19 17 18 19 17
32 24 23 24 25 25 26
24 16 17 18 17 18 16
44 46 45 44 38 47 48
27 50 46 46 47 47 47
75 75 70 78 70 74 75
16 10 11 12 10 11 12
82 83 83 84 82 85 85
70 63 61 58 60 62 62
39 34 31 29 26 34 32
32 40 40 39 40 42 39
39 46 43 44 44 45 46
10 9 9 8 9 8 8
78 70 72 72 69 67 68
24 26 26 27 27 27 27
10 10 9 9 8 7 7
23 29 31 29 29 29 30
43 44 40 49 49 47 49
59 56 55 56 58 56 56
21 30 33 31 29 28 32
58 57 56 57 56 57 57
41 38 38 38 38 38 37
07 3 3 3 3 4 3
02 4 5 5 4 3 4
24 23 23 25 23 24 24
02 4 4 4 4 4 4
07 8 8 8 8 8 8
05 5 5 5 4 5 5
56 58 58 58 55 58 59
02 4 4 4 4 4 4
22 22 22 22 22 22 22
72 62 62 61 61 61 62
09 7 9 9 10 10 10
20 21 21 23 21 22 22
25 24 24 23 23 23 23
10 8 8 10 7 7 8
54 52 53 52 53 52 54
47 40 39 45 45 45 44
32 28 24 26 24 24 27
58 60 63 61 61 61 64
36 45 46 44 44 44 46
53 53 51 52 51 54 52
13 15 17 16 14 17 16
52 50 51 50 50 50 49
09 11 12 10 10 11 10
56 56 58 54 54 54 57
35 37 38 37 38 35 35
23 20 21 21 20 20 22
29 36 36 36 36 36 36
15 19 14 18 14 22 14
30 38 36 38 41 37 38
04 7 6 4 6 5 6
19 20 20 20 20 20 20
41 40 40 40 40 39 40
26 39 38 38 38 38 39
53 48 47 48 48 49 47
18 11 12 12 11 9 11
08 9 8 10 8 10 8
26 27 28 28 27 28 27
32 29 29 29 29 34 29
08 8 6 8 7 7 7
40 37 35 36 35 36 35
13 11 12 11 12 13 12
35 35 28 29 29 29 25
11 10 12 12 12 11 12
52 52 52 53 55 54 52
24 25 25 23 23 23 22
21 21 21 21 21 21 22
09 9 9 8 8 8 8
03 5 6 4 5 5 4
68 68 72 68 71 70 72
26 24 28 27 28 27 29
58 49 47 47 49 50 47
61 63 62 61 62 61 64
04 3 4 3 4 3 3
02 2 2 2 2 3 2
35 35 35 35 35 35 36
35 36 33 34 33 33 32
60 66 72 65 75 74 78
48 39 34 38 38 41 38
90 85 88 85 88 85 86
02 4 3 4 4 3 3
63 57 54 55 59 54 57
56 49 50 52 43 50 53
60 57 54 54 54 55 54
52 53 52 51 49 52 53
61 55 55 61 55 54 57
15 12 9 11 12 9 10
02 8 5 5 7 8 7
02 3 2 2 2 2 2
21 21 20 21 21 21 20
02 4 3 4 4 4 4
56 49 49 56 55 55 56
08 7 6 8 7 7 5
05 7 8 8 8 8 8
25 37 37 37 33 34 33
80 82 82 81 81 80 82
43 62 63 65 65 67 69
15 17 17 15 15 15 17
85 75 80 76 75 78 80
31 52 55 54 55 54 54
70 70 70 72 72 71 72
02 3 3 2 2 2 2
30 23 21 22 22 22 23
08 4 4 6 5 4 3
60 54 55 54 54 53 56
76 61 66 63 66 62 63
09 8 8 8 9 9 8
09 9 8 8 8 9 8
26 35 36 35 37 35 36
40 39 42 41 42 41 39
53 44 53 53 52 52 51
25 10 10 13 10 10 11
12 40 39 39 35 34 35
25 42 33 36 43 46 44
54 57 58 57 55 57 57
17 19 19 19 18 18 19
59 53 54 53 53 54 53
32 40 40 41 45 39 44
08 10 8 9 9 8 9
52 59 56 59 59 56 61
05 2 2 2 2 2 2
04 3 3 3 3 4 4
04 5 8 5 9 8 8
04 5 5 5 5 5 5
02 3 4 5 5 4 4
19 16 14 15 14 14 14
58 60 60 60 60 57 62
04 4 4 4 5 4 5
41 61 63 60 63 61 63
54 38 39 40 38 39 38
21 21 21 21 21 21 22
08 8 6 8 6 8 8
13 16 16 16 18 16 16
63 60 60 58 58 58 59
10 10 12 8 16 11 11
40 51 52 54 54 56 52
19 16 16 16 15 16 15
31 27 26 26 26 29 28
03 7 7 6 6 5 6
55 52 53 51 52 52 53
12 14 14 12 14 13 14
21 4 4 4 4 4 5
17 16 16 16 16 17 15
38 44 37 41 40 36 50
32 30 29 25 28 34 29
21 20 22 21 22 22 22
39 33 36 35 34 35 38
66 55 54 56 55 55 56
89 81 85 82 84 82 82
05 4 3 4 4 3 3
54 57 56 56 60 58 61
04 3 3 3 3 3 3
43 55 54 54 54 53 55
24 23 24 20 23 23 24
03 4 4 4 5 4 4
08 16 15 14 14 16 15
21 23 23 23 24 24 23
07 20 11 12 14 14 15
29 31 30 30 30 30 31
67 61 57 60 60 59 64
68 76 74 76 71 69 79
52 62 62 65 62 63 64
27 37 32 37 37 37 36
07 9 9 10 12 13 9
35 25 27 28 28 25 26
30 51 53 51 54 55 55
39 53 55 47 49 47 49
36 31 30 31 33 33 31
37 38 34 32 34 32 33
25 27 28 28 27 25 28
39 34 35 36 36 37 38
23 25 24 25 24 24 24
23 25 27 24 27 28 25
07 12 9 14 12 13 13
42 41 47 54 45 49 51
16 16 16 16 16 16 15
08 7 7 7 7 7 7
09 8 7 8 8 7 8
55 46 46 42 46 46 46
03 4 3 3 4 4 4
26 27 27 28 28 27 27
02 7 7 7 6 7 6
03 4 4 4 4 4 4
69 77 68 70 68 74 74
26 29 29 32 27 27 27
54 65 69 69 65 68 67
02 3 4 3 4 4 4
53 49 51 51 51 51 52
53 68 64 65 63 64 71
12 14 12 14 8 14 11
29 27 27 28 27 27 28
77 62 63 63 67 66 64
15 19 19 16 20 14 18
50 47 50 50 48 47 48
61 80 77 80 81 76 77
29 43 42 41 41 38 42
60 57 54 55 53 54 55
03 2 2 2 2 2 2
18 16 17 16 16 16 16
24 29 27 28 25 28 28
18 26 26 26 26 24 25
26 25 24 26 25 26 24
53 34 32 32 32 33 32
66 51 49 50 49 50 49
32 22 24 25 23 22 24
18 34 32 34 32 34 34
05 7 8 9 8 6 7
28 27 31 31 31 31 29
52 61 62 61 63 63 64
04 4 5 4 4 4 5
04 5 5 4 4 4 4
08 4 4 4 4 4 4
02 4 4 4 4 4 4
40 45 46 45 45 44 46
26 22 24 22 23 24 24
02 3 3 3 3 3 3
69 37 33 37 36 33 36
02 4 3 3 4 4 5
04 7 7 7 7 7 8
04 3 3 3 4 4 4
30 26 28 26 26 26 27
03 4 4 4 4 4 4
02 7 4 4 4 4 4
26 32 28 29 28 32 29
66 54 58 53 53 61 54
67 62 74 75 75 75 75
37 63 62 59 60 59 59
52 51 52 50 49 50 52
02 2 2 2 2 2 2
58 54 56 52 54 56 56
22 9 12 10 11 11 14
27 26 20 26 25 22 24
58 54 55 52 52 49 54
22 21 21 22 22 21 22
27 31 27 31 27 27 27
12 14 12 12 14 12 12
21 21 21 21 21 21 21
32 53 52 54 54 53 55
47 48 52 46 54 50 51
02 8 4 9 4 7 3
45 54 55 51 51 52 54
18 22 22 22 21 21 21
07 6 6 6 5 5 6
82 74 71 71 74 70 76
10 16 18 18 16 18 16
11 5 5 4 5 4 5
17 9 9 13 9 9 13
11 8 7 8 8 5 7
28 27 26 25 27 26 25
65 57 56 52 56 56 57
16 16 18 18 17 17 17
63 76 75 72 78 77 77
52 75 73 73 76 73 75
30 42 48 45 44 39 42
07 3 3 3 3 3 3
42 40 39 40 39 38 39
54 56 54 56 58 57 56
26 32 32 32 31 33 31
08 7 8 8 7 7 7
24 22 23 22 23 22 22
73 78 78 78 80 80 80
36 52 51 52 51 51 53
41 31 32 31 30 31 32
74 65 66 66 67 66 68
07 7 7 8 7 8 8
58 52 52 52 53 50 50
02 3 3 4 3 3 4
04 5 4 4 5 4 4
85 85 85 85 85 85 85
60 33 34 29 34 33 34
75 62 71 68 63 64 74
02 3 4 3 3 3 3
25 26 25 26 25 26 25
04 5 5 5 6 6 5
12 20 18 20 20 16 19
09 12 15 5 9 16 16
47 47 47 43 44 43 47
08 11 11 11 12 10 13
80 72 75 79 71 77 80
80 62 62 61 65 61 68
02 2 3 2 2 2 3
03 3 3 3 3 3 3
27 18 20 19 20 18 18
21 26 25 25 26 27 27
29 45 46 49 47 45 51
17 24 24 25 24 23 23
28 28 29 29 28 28 30
04 2 2 2 2 2 2
80 82 82 83 82 81 82
21 19 20 19 20 20 18
54 52 49 49 52 51 53
58 49 51 46 46 53 47
02 4 4 4 4 4 4
60 53 52 50 55 54 52
18 23 23 23 23 23 24
71 69 74 72 74 73 74
49 57 55 54 56 55 56
75 74 73 73 72 72 72
26 30 31 29 31 30 30
14 16 15 15 16 15 15
31 23 25 15 22 25 22
76 65 65 70 66 68 67
15 9 7 10 9 10 7
44 52 53 54 53 53 54
69 68 73 70 70 68 78
26 30 30 30 29 28 31
12 14 15 10 14 5 10
13 8 7 7 7 7 7
48 51 53 53 54 53 53
43 43 42 43 43 41 43
49 47 48 46 49 49 47
35 26 23 26 26 26 27
04 4 3 3 4 4 3
25 28 28 29 31 29 29
26 24 26 26 26 24 26
26 23 22 23 23 23 21
13 12 12 12 13 14 14
39 28 26 34 39 27 38
08 5 4 5 5 5 5
60 58 57 57 56 56 55
02 4 3 4 3 4 3
36 41 43 42 44 42 41
27 19 21 19 20 21 21
02 4 4 4 4 4 4
55 57 54 57 56 56 58
29 25 24 26 25 26 24
18 18 18 22 18 23 19
32 20 15 22 20 23 18
20 19 23 21 19 23 19
40 43 39 40 38 41 41
03 3 2 2 2 3 3
07 6 6 5 7 5 8
34 34 32 34 31 33 32
30 34 34 35 35 36 36
36 52 52 53 54 56 56
28 33 29 36 32 33 33
26 27 27 27 27 27 26
56 51 51 53 52 53 52
75 80 68 79 74 72 80
30 34 33 34 33 34 33
67 61 66 72 66 65 63
36 25 25 24 23 27 19
30 43 42 45 44 39 41
08 15 26 12 14 12 14
02 3 3 2 2 2 2
05 5 5 4 4 5 4
85 80 80 85 85 80 84
07 5 5 6 6 5 6
18 15 12 15 15 14 14
51 56 55 55 55 54 56
62 58 60 58 57 57 58
13 19 20 18 19 21 19
54 53 53 53 53 55 54
03 4 4 5 5 5 4
25 30 30 30 30 30 30
21 25 25 23 25 25 25
18 21 20 19 19 20 20
06 6 5 5 5 5 6
64 49 51 48 50 51 51
39 41 41 39 45 43 40
26 13 12 14 23 24 17
07 7 8 7 7 7 8
22 22 21 23 23 23 23
16 22 23 20 24 24 23
26 29 28 27 25 27 25
03 3 4 3 4 3 4
34 21 20 21 20 15 20
05 8 7 6 7 8 7
15 16 16 16 16 17 16
32 37 35 38 37 35 35
20 19 19 19 18 16 18
52 65 66 62 63 62 67
13 14 16 17 14 16 17
24 27 29 28 28 29 28
07 5 6 6 6 5 6
09 35 12 15 9 8 20
56 69 65 67 65 66 66
26 18 20 21 19 21 20
29 36 34 35 34 33 36
46 38 37 38 38 38 39
28 31 34 31 34 30 31
14 12 14 14 12 14 14
16 10 14 14 10 10 10
09 9 11 10 11 11 11
39 31 34 30 33 33 33
08 12 11 15 11 10 10
43 43 41 40 38 42 43
40 47 44 47 47 47 45
12 19 19 18 20 20 20
55 69 71 73 75 72 75
51 34 33 34 35 34 34
56 39 44 40 44 45 41
46 42 31 35 35 25 33
03 4 4 4 5 28 34
12 6 7 6 8 8 7
11 8 7 8 7 7 8
05 5 5 4 4 5 5
21 21 22 22 22 22 22
09 15 14 17 17 15 17
35 36 38 37 36 39 37
30 37 31 24 26 30 23
12 15 16 17 17 15 16
65 61 70 68 70 57 69
35 40 43 42 45 44 42
76 70 73 75 74 76 77
26 33 34 34 35 34 35
03 4 4 4 4 4 4
02 2 2 2 2 2 2
31 46 44 45 42 39 42
08 15 13 14 14 13 14
65 59 59 59 60 60 61
29 35 34 35 33 35 36
38 12 16 14 10 14 14
45 43 39 39 48 41 43
39 59 60 53 58 52 61
09 6 6 6 6 7 6
06 7 5 5 8 6 8
03 6 6 4 7 6 7
15 17 19 18 19 19 18
31 32 32 32 32 34 33
21 24 25 25 21 26 26
09 17 15 14 23 14 17
28 27 27 27 26 26 27
21 30 31 29 30 27 29
80 73 73 69 71 65 70
16 16 17 13 15 16 15
23 22 22 22 21 21 21
47 53 54 52 54 52 52
43 43 41 42 42 41 42
04 2 3 2 2 3 2
34 37 37 37 39 39 36
08 14 14 14 14 14 14
10 9 8 8 8 9 8
85 82 82 85 85 85 85
67 60 61 61 60 61 61
60 62 62 60 61 61 61
83 59 64 59 62 60 64
05 5 5 5 5 5 5
70 59 59 59 59 60 60
68 65 59 60 66 61 62
49 51 52 55 50 52 53
27 24 22 19 22 21 21
26 37 37 36 34 37 38
02 4 4 3 4 4 4
08 4 5 5 5 5 5
58 59 56 59 58 60 60
50 48 48 48 47 47 48
43 54 54 53 53 53 54
46 39 39 39 38 39 39
03 9 10 13 10 8 13
16 19 21 20 21 21 19
16 8 10 11 11 9 9
63 44 59 50 38 38 60
27 23 22 23 24 23 23
02 3 2 2 4 3 3
07 2 3 2 3 3 3
15 24 21 21 22 23 22
50 35 32 32 36 35 36
69 56 58 59 58 56 61
18 21 22 22 23 21 19
52 56 57 59 58 59 58
09 4 8 4 9 3 7
13 9 7 11 8 8 8
85 82 82 83 81 83 82
09 14 13 14 14 14 12
49 55 54 56 57 57 56
11 10 10 11 8 10 9
03 3 3 3 3 3 3
20 20 22 22 22 22 20
07 8 9 8 8 9 8
25 26 26 26 25 26 25
66 69 63 62 69 65 65
12 8 7 8 8 7 7
56 46 45 48 45 46 48
36 25 24 25 23 25 24
37 52 52 49 52 52 49
09 8 9 8 9 8 8
09 10 12 7 8 14 10
34 28 30 30 34 29 31
08 10 9 9 11 10 8
53 53 53 55 52 53 53
56 56 56 59 59 56 58
15 13 14 14 14 14 14
12 18 14 16 16 15 18
08 8 10 10 14 11 9
32 19 22 20 20 19 22
50 53 51 50 50 51 51
19 16 18 19 18 16 18
04 3 3 2 3 3 3
04 5 4 5 5 4 4
03 3 3 3 3 3 3
18 16 14 18 17 17 16
31 37 37 38 37 37 38
72 53 53 52 52 54 53
10 15 16 15 16 15 15
05 5 5 5 5 6 5
67 74 70 73 73 73 75
44 31 31 32 32 32 30
65 64 61 64 60 63 67
02 4 4 4 4 5 4
19 24 25 26 26 26 26
16 8 7 7 7 7 7
43 37 37 39 37 40 39
79 64 62 67 69 67 70
28 23 25 25 22 25 24
13 15 15 16 16 16 15
28 24 24 24 25 24 24
60 59 60 60 61 59 59
02 5 5 5 5 5 4
60 67 62 66 63 78 70
80 75 79 74 79 77 79
12 14 14 13 13 14 14
38 44 45 43 43 45 44
77 71 71 70 79 76 79
21 20 20 20 19 18 18
46 37 37 37 40 39 39
56 57 57 56 56 56 57
60 43 45 47 42 41 48
36 53 54 54 54 54 54
08 7 7 7 6 7 7
48 48 49 48 48 49 50
58 44 48 47 46 48 47
76 72 74 74 73 72 75
10 9 12 10 12 12 10
52 47 46 45 44 44 46
85 86 86 86 88 88 86
34 31 33 33 31 33 33
02 2 3 3 3 3 3
62 56 56 56 56 57 57
11 5 5 5 5 5 5
47 50 54 56 54 53 55
14 15 14 14 14 14 15
03 3 4 4 4 4 4
39 53 51 52 53 54 55
50 13 21 20 20 23 20
18 19 19 19 19 18 18
47 40 38 39 38 39 40
59 60 61 61 59 61 61
15 14 15 14 12 14 13
17 16 19 18 16 16 17
16 23 23 26 25 23 26
42 37 38 36 37 36 38
03 3 3 3 2 3 3
67 58 65 65 58 59 61
07 5 5 4 4 5 4
25 22 29 29 22 24 26
23 19 18 19 18 19 18
06 6 5 4 7 6 4
22 26 27 27 27 28 27
35 22 22 23 24 21 23
54 57 57 57 60 60 61
56 57 55 57 57 56 57
62 42 53 41 42 42 51
19 19 18 19 19 18 19
06 4 4 5 5 7 6
37 47 42 44 45 44 46
02 3 2 3 2 2 3
09 4 10 8 11 11 6
65 59 54 59 58 57 59
50 51 46 45 46 47 53
06 3 3 2 3 2 3
48 43 33 34 44 37 38
18 23 23 20 21 20 21
08 5 6 4 7 5 6
60 57 56 56 56 56 58
14 12 8 8 12 8 12
58 62 63 62 63 62 66
13 10 11 11 14 10 12
76 55 56 57 57 56 55
39 41 40 41 41 41 42
53 51 51 56 56 54 52
18 23 23 22 22 23 23
14 15 15 14 13 15 14
46 40 44 43 40 42 42
23 23 23 22 22 24 22
78 71 76 71 73 72 76
61 56 54 54 54 54 56
60 64 65 60 66 61 65
14 10 9 9 10 10 10
39 32 28 31 36 38 43
15 23 24 23 23 24 25
57 56 55 58 56 57 56
07 4 4 4 4 4 4
47 46 43 45 45 42 46
06 6 6 7 6 7 7
09 7 11 7 6 8 5
53 57 57 57 57 56 58
02 2 2 2 2 2 2
59 54 55 56 55 56 56
02 3 3 3 3 3 3
59 53 48 56 53 52 53
59 54 55 53 55 55 55
38 41 39 42 41 44 40
06 9 7 7 9 7 8
65 65 60 63 65 60 64
61 57 58 58 58 58 58
02 2 3 2 2 3 2
15 10 10 10 10 17 13
36 39 38 39 38 37 39
85 89 88 88 88 86 88
15 15 15 15 15 15 14
29 24 24 24 25 25 26
18 22 23 21 19 23 22
20 19 17 18 18 16 18
71 60 61 61 61 62 66
56 50 47 48 50 50 48
02 2 3 3 3 3 2
49 47 49 49 48 49 49
09 7 4 7 7 4 6
18 12 11 11 9 10 9
16 14 15 17 14 15 15
31 24 25 25 25 25 25
27 31 35 31 35 31 32
70 75 75 81 80 78 82
39 34 36 36 34 36 37
78 65 65 69 67 64 69
22 30 31 31 31 30 31
05 12 8 9 9 9 10
26 31 28 31 30 28 29
39 34 34 32 33 32 36
39 44 40 38 34 38 38
56 56 57 55 56 54 58
14 8 8 8 8 8 8
48 41 47 44 40 45 48
33 32 41 48 37 31 35
17 24 26 26 21 21 20
36 39 40 38 36 37 40
76 73 73 77 74 76 80
30 29 33 34 33 30 29
11 8 9 8 8 8 8
15 10 11 12 13 9 14
04 5 5 5 5 5 6
17 25 26 24 26 25 26
85 79 81 79 74 81 82
03 3 2 2 3 3 3
55 56 57 57 57 57 56
08 6 6 6 7 6 7
18 14 14 14 14 14 14
49 56 55 53 52 55 54
57 55 56 56 56 56 58
32 50 51 25 50 26 25
58 42 39 34 39 41 44
75 63 58 62 60 60 61
02 3 3 4 3 3 3
14 9 8 7 10 7 8
36 37 35 38 35 38 35
24 20 21 19 20 20 20
05 4 4 4 4 3 4
47 54 54 54 52 54 52
21 30 29 30 29 29 28
16 8 7 8 8 8 9
37 45 47 51 49 50 49
02 2 3 2 2 3 2
53 57 56 56 56 55 56
39 53 54 50 49 52 60
06 8 8 10 11 9 8
02 3 3 3 3 3 3
88 82 82 85 85 84 85
75 79 80 79 75 79 80
08 14 15 14 14 14 14
15 16 13 14 14 13 14
19 17 17 18 16 16 19
37 16 18 25 17 18 19
22 21 21 22 21 21 22
29 36 38 38 37 37 39
20 25 24 24 23 24 24
11 8 9 8 9 8 8
05 3 4 4 4 3 4
63 69 68 64 69 68 69
26 21 22 20 21 21 20
24 22 22 23 23 22 22
36 36 36 36 33 33 33
10 4 3 4 4 5 4
27 23 24 23 25 23 25
53 56 56 57 56 58 62
67 62 63 63 63 63 64
68 60 60 60 60 60 60
18 21 20 20 20 21 21
25 27 27 27 27 27 27
23 27 25 28 27 27 25
22 17 18 18 21 18 17
57 39 42 42 38 38 43
14 14 14 15 14 14 15
37 29 29 29 29 30 29
54 54 54 53 54 57 54
26 24 23 24 24 24 24
27 26 32 29 28 32 28
21 10 15 14 15 16 16
54 53 52 53 53 52 56
04 3 5 4 5 4 5
32 51 52 38 44 41 44
51 46 46 47 47 47 47
52 54 55 56 56 57 56
16 15 16 15 14 16 15
16 13 12 10 11 9 10
27 29 25 30 29 31 29
30 32 32 33 31 33 32
10 8 6 6 6 7 6
56 49 44 47 41 40 47
05 6 7 7 5 7 7
11 5 5 4 7 5 5
21 18 19 19 21 20 18
35 46 48 48 46 46 48
53 42 45 39 42 42 41
29 23 26 26 24 26 19
05 3 4 3 3 3 3
07 8 6 6 8 6 7
56 61 62 59 60 60 62
26 26 26 25 25 27 25
05 5 5 4 5 4 5
72 62 61 62 62 68 71
24 24 25 26 25 25 25
08 11 11 10 10 11 10
25 18 18 20 19 19 19
24 29 29 29 29 29 29
28 20 21 22 23 22 23
53 58 60 62 59 61 60
43 61 60 59 61 61 61
18 23 24 22 24 24 25
15 10 10 9 10 8 9
82 85 85 85 85 83 84
68 59 58 61 58 61 58
45 46 48 51 50 49 47
14 12 9 14 9 13 12
23 24 24 25 24 25 24
65 65 68 67 68 67 69
05 8 5 5 8 7 7
21 28 27 28 28 28 28
18 23 18 18 21 21 18
31 28 30 31 28 31 30
27 28 30 29 30 28 29
24 32 33 33 31 32 32
46 34 34 31 31 31 33
25 32 29 31 31 33 36
18 17 15 17 15 16 16
28 23 23 22 23 22 23
12 3 4 4 4 4 4
02 3 2 3 2 3 3
06 5 5 5 5 5 5
12 14 15 14 14 15 14
59 53 55 62 59 59 55
40 45 50 50 52 49 52
61 59 57 58 59 57 59
02 3 3 3 3 3 3
19 15 11 15 18 17 16
50 38 39 39 38 39 39
39 31 31 31 32 32 32
26 20 22 22 21 21 21
03 5 5 5 5 5 5
78 72 70 72 73 71 72
35 24 24 24 25 25 25
60 61 61 58 60 61 61
18 15 18 16 16 17 16
33 24 24 25 26 24 28
09 7 8 8 7 7 7
55 59 60 59 58 60 61
23 25 26 23 25 27 26
19 24 24 23 24 22 21
23 8 11 10 8 12 8
75 65 66 58 69 58 70
10 7 7 8 8 6 7
46 30 30 28 28 27 29
60 57 56 58 57 58 58
72 72 74 71 68 64 71
29 25 25 24 24 24 24
60 65 65 63 60 64 62
21 22 21 20 22 21 22
17 19 21 21 20 19 20
05 4 3 4 4 4 4
04 4 5 4 5 4 5
02 4 6 5 4 4 4
13 19 14 18 10 18 15
03 2 3 3 3 3 3
89 89 88 88 87 89 88
73 59 59 67 68 61 65
09 4 5 5 5 6 5
62 60 59 59 58 62 62
52 51 52 52 52 53 52
04 5 5 5 5 5 5
90 82 75 77 82 77 84
42 38 39 37 39 39 40
18 11 15 14 10 15 11
35 43 40 47 40 44 47
22 31 30 30 31 27 30
14 13 14 13 14 13 12
65 58 61 60 59 60 66
39 47 49 49 49 45 47
03 9 10 13 12 9 10
04 4 5 4 4 5 4
26 25 26 26 27 27 27
31 37 37 36 39 36 36
23 31 30 31 31 31 30
08 4 9 9 4 7 8
31 38 37 38 37 39 39
03 3 3 3 3 3 3
66 75 72 70 76 74 71
05 4 3 4 3 4 4
06 8 8 10 8 9 10
17 22 22 21 21 22 21
51 43 43 45 42 47 47
41 39 39 36 37 39 39
18 22 20 21 21 22 21
11 15 12 11 15 15 14
03 2 3 3 2 2 2
15 21 17 16 16 17 16
25 17 21 21 17 20 16
60 57 42 58 53 42 59
50 49 49 52 48 49 51
36 39 42 40 42 41 42
12 4 4 7 4 7 5
03 4 5 4 4 4 4
03 4 4 4 4 4 4
14 12 14 14 14 14 12
02 3 4 3 3 3 3
36 25 29 22 25 29 22
26 25 26 25 27 25 27
42 37 33 35 40 36 33
28 30 29 28 31 27 26
84 79 80 77 80 80 79
60 55 58 57 55 55 57
03 5 5 5 5 4 4
04 6 6 6 7 5 5
02 4 3 3 3 3 3
03 5 6 5 5 5 6
47 56 57 57 56 57 57
22 23 23 22 23 22 22
05 6 5 4 5 7 5
26 24 23 24 24 24 24
49 35 33 34 34 33 32
08 5 5 5 7 6 7
36 29 27 28 27 29 30
09 8 8 8 8 7 7
02 2 2 2 2 2 2
53 54 52 52 51 46 51
35 42 41 41 41 41 41
35 34 34 31 34 33 34
08 10 11 10 11 8 10
42 37 39 38 40 40 40
13 10 12 12 12 12 12
22 19 18 18 18 19 18
09 8 8 8 6 7 8
70 62 60 61 63 63 62
60 59 58 58 59 58 60
27 22 22 22 22 22 22
49 37 40 44 39 41 42
02 4 4 4 4 4 4
37 38 36 38 36 38 38
34 45 45 48 45 45 48
18 20 21 17 18 20 19
52 51 50 52 52 52 51
39 46 48 46 47 49 46
05 5 5 5 5 5 5
31 29 31 30 29 29 27
02 4 3 4 4 4 4
25 23 23 23 24 23 23
09 9 10 8 8 9 10
23 27 28 28 35 28 28
45 56 46 53 56 56 53
69 65 60 61 59 61 63
04 4 4 4 4 4 4
48 31 30 31 32 31 32
42 39 40 39 39 40 39
26 22 22 23 23 22 22
22 28 27 31 29 25 25
69 42 43 42 41 43 43
08 11 9 12 9 12 9
31 39 35 42 40 40 38
37 35 36 36 33 35 35
56 56 57 56 56 57 58
04 4 4 4 4 4 4
08 8 8 12 8 8 8
35 42 40 39 40 38 41
53 50 51 51 51 52 53
54 47 47 48 47 47 48
03 4 5 4 5 5 4
60 59 57 55 58 55 57
63 67 75 68 74 70 75
63 59 64 65 69 66 72
60 68 71 72 64 68 66
39 25 26 29 29 30 30
12 19 15 18 16 16 14
76 60 60 61 61 61 62
42 39 40 38 39 40 39
26 28 29 29 29 29 29
34 33 32 31 30 31 30
37 29 30 29 30 29 30
13 22 15 16 15 23 15
29 29 30 24 34 25 29
25 25 25 25 26 25 26
65 72 65 63 69 70 73
75 72 75 73 75 75 80
53 59 60 59 63 59 60
22 31 32 30 30 32 31
24 17 19 18 19 19 16
04 3 4 5 5 4 4
16 10 8 8 9 8 8
37 21 21 15 16 16 16
75 76 70 78 69 70 76
27 20 20 17 22 20 21
05 9 9 9 10 10 10
25 32 33 30 32 32 32
08 7 7 7 7 7 7
09 57 47 65 56 56 59
68 63 62 62 63 62 62
54 53 53 53 53 53 53
40 49 49 49 49 45 43
26 25 25 25 25 25 25
25 27 27 29 26 26 28
03 4 4 5 5 4 5
85 77 80 78 77 79 80
13 17 17 17 17 18 17
37 60 61 59 61 60 60
68 47 57 52 47 52 53
20 22 20 21 22 21 21
75 71 70 73 68 67 71
50 52 50 50 50 49 50
09 8 6 5 8 10 7
49 46 39 43 46 45 44
51 40 40 39 44 40 44
60 40 39 38 41 38 38
12 5 5 5 4 4 5
08 10 10 10 9 10 10
26 28 27 27 27 27 27
14 5 5 5 4 5 5
26 20 24 19 20 19 20
04 2 4 2 3 3 3
09 10 10 9 9 10 10
09 7 8 8 8 8 7
10 7 7 7 7 7 7
04 2 3 2 2 2 3
17 23 22 23 23 23 24
86 76 76 79 82 82 82
28 6 6 7 7 8 7
06 13 14 9 18 15 15
12 10 9 9 9 10 10
09 10 12 12 13 12 14
37 35 35 35 36 34 37
85 76 79 81 83 82 82
06 4 6 5 5 5 6
26 28 26 27 25 27 28
04 4 4 4 4 3 4
28 28 28 32 32 28 30
16 21 21 20 21 21 21
07 7 8 8 8 8 8
60 60 61 62 61 62 61
42 48 48 50 50 47 48
75 82 84 85 82 82 85
36 34 33 38 35 37 35
11 15 15 14 15 14 14
50 49 48 49 48 48 49
15 28 28 28 28 28 27
52 54 54 55 56 53 56
15 10 10 10 10 10 10
02 3 3 3 3 3 3
21 22 21 22 23 23 22
28 29 30 29 29 28 29
34 45 39 41 41 45 45
66 57 60 60 60 58 59
32 36 39 32 31 31 35
31 26 27 27 27 28 28
52 53 53 53 53 54 56
04 5 7 6 6 6 7
20 24 24 22 25 22 24
36 37 36 40 36 39 39
55 55 56 55 53 55 56
11 7 7 7 7 7 6
26 37 38 36 38 39 35
63 60 61 59 59 58 59
08 8 6 8 6 8 8
38 47 47 45 45 47 48
43 59 60 58 57 60 61
37 47 47 51 48 52 49
35 27 25 29 26 27 30
51 54 53 54 53 54 54
05 10 10 9 10 8 10
20 24 23 24 24 23 24
04 5 5 4 4 4 5
44 53 52 53 53 53 53
04 7 7 5 7 6 6
06 8 9 9 5 5 7
02 3 3 3 3 3 3
04 6 6 7 6 7 8
32 30 29 29 30 29 29
10 15 16 15 16 16 15
03 4 4 4 4 4 4
76 81 85 76 75 73 76
13 14 14 14 14 14 14
30 26 24 26 23 25 25
53 70 64 72 72 68 75
02 3 4 4 3 4 3
02 4 4 4 3 3 4
42 47 47 47 46 47 48
18 23 22 24 23 23 23
02 5 4 4 4 4 4
13 16 17 16 16 16 16
55 61 62 62 62 61 64
02 3 3 4 3 3 3
14 15 14 13 15 14 12
69 62 72 66 62 65 72
56 61 60 59 60 59 62
04 9 5 8 8 7 5
03 5 5 8 5 5 5
68 57 57 57 57 58 58
42 34 40 32 34 34 43
02 4 4 4 5 4 4
86 76 80 80 80 80 80
50 42 39 40 41 39 40
12 8 8 9 11 11 12
37 32 31 34 30 32 30
10 12 12 12 13 13 12
53 50 49 48 51 50 50
04 4 5 5 5 4 5
39 47 44 43 46 47 47
08 10 11 10 10 10 11
02 3 2 2 2 2 3
28 13 17 14 14 21 21
30 24 24 24 24 23 24
24 22 21 22 22 22 22
05 26 30 8 8 6 32
11 5 5 5 5 4 5
70 61 61 61 62 60 61
08 8 7 7 7 7 8
22 17 18 18 17 17 18
59 41 39 38 38 38 39
67 59 60 58 65 60 60
03 3 2 3 3 3 3
71 64 68 72 67 65 69
39 28 28 31 29 29 28
38 43 43 44 37 42 42
10 12 12 9 12 8 12
13 9 12 12 12 12 12
28 20 21 21 20 16 22
60 50 53 46 47 44 47
04 4 4 4 4 4 4
18 14 14 16 14 13 14
30 34 34 33 35 35 34
07 4 4 7 4 6 4
20 20 23 18 20 20 21
08 9 9 9 9 9 9
09 11 10 9 10 10 9
14 9 9 9 10 9 10
53 67 68 69 66 67 68
20 14 17 18 22 19 23
09 8 8 7 8 7 8
16 11 10 10 11 11 12
38 37 32 34 35 34 37
26 28 30 31 30 28 30
02 3 2 2 3 2 3
46 48 48 49 47 48 49
53 62 59 62 60 60 61
40 45 45 44 47 50 48
69 59 59 58 61 58 59
26 51 50 45 50 42 50
02 2 2 3 3 3 3
86 85 83 85 85 83 85
07 4 4 4 4 4 4
29 30 31 29 29 31 30
42 51 49 50 51 50 52
60 73 72 71 73 72 76
58 53 54 53 54 53 54
24 31 30 31 31 32 32
02 2 3 2 2 2 2
65 68 72 70 67 70 66
50 41 43 42 40 43 46
77 70 64 63 66 70 70
50 56 56 56 57 56 57
08 8 8 8 8 8 8
11 7 5 6 6 7 8
22 19 19 20 19 19 19
61 58 58 60 59 58 62
05 4 4 4 4 4 4
80 88 88 85 85 85 85
60 60 56 59 60 57 60
04 7 8 5 7 5 8
34 39 38 38 40 40 37
52 50 46 44 46 46 49
50 67 60 67 60 68 66
15 17 21 19 18 19 17
34 41 39 42 41 41 42
08 7 5 5 7 6 5
62 58 61 58 60 60 59
45 46 50 47 46 48 48
39 42 39 39 40 41 42
58 69 72 69 70 73 73
22 24 24 23 23 23 24
38 40 40 40 43 39 43
05 4 4 4 4 4 4
14 13 14 13 14 14 14
72 79 80 81 75 80 82
28 23 24 23 22 23 23
39 19 23 22 19 22 20
07 6 10 5 9 6 7
35 32 31 32 27 29 30
21 25 24 21 24 22 25
18 18 16 17 18 16 16
68 69 66 70 70 70 70
60 75 70 70 72 75 75
39 46 46 49 47 49 46
85 82 84 82 82 81 84
26 30 31 28 31 32 31
42 45 43 45 45 45 45
03 4 3 4 4 4 4
36 48 48 48 49 47 48
46 54 56 56 57 57 57
02 4 3 4 4 4 4
38 39 40 39 40 39 39
47 44 45 44 45 44 45
52 46 50 48 50 45 47
04 5 5 5 5 5 5
26 26 23 24 24 23 24
03 5 5 4 5 6 6
82 76 80 68 72 76 72
14 8 6 8 8 8 8
26 34 31 34 32 34 31
05 2 2 2 2 2 2
04 5 5 5 5 5 5
21 21 21 21 22 22 22
08 7 7 9 7 8 9
49 54 54 55 54 57 53
14 10 8 9 8 12 8
35 40 40 41 39 38 42
52 35 30 28 34 33 36
37 31 32 31 32 32 32
02 2 2 2 2 2 2
81 85 84 82 85 84 85
12 8 7 6 8 6 7
17 16 19 19 18 18 18
52 54 55 54 57 53 55
24 24 23 24 23 23 24
